((("write" .
		   [1 0 0 0 0])
  ("file_name" .
			   [1 0 0 0 0 0 0 0 0])
  ("$zip-" .
		   [1 0 0 0 0])
  ("$message" .
			  [5 0 0 0 0 0 0 0])
  ("Wrong" .
		   [1 0 0 0 0])
  ("method" .
			[2 0 0 0 0 0])
  ("You" .
		 [2 0 0])
  ("sent" .
		  [1 0 0 0])
  ("POST" .
		  [3 0 0 0])
  ("$somestring" .
				 [2 0 0 0 0 0 0 0 0 0 0])
  ("echo" .
		  [3 0 0 0])
  ("textarea" .
			  [1 0 0 0 0 0 0 0])
  ("$sometext" .
			   [2 0 0 0 0 1 0 0 0])
  ("$success" .
			  [2 0 0 0 0 0 0 0])
  ("$file" .
		   [1 0 0 0 0])
  ("sort" .
		  [1 0 0 0])
  ("continue" .
			  [1 0 0 0 0 0 0 0])
  ("$target_version" .
					 [0 0 0 0 0 0 0 1 1 0 0 0 0 0 0])
  ("$filever" .
			  [2 0 0 0 0 0 0 0])
  ("fetchPosts" .
				[1 0 0 0 0 0 0 0 0 0])
  ("client" .
			[1 0 0 0 0 0])
  ("css" .
		 [1 0 0])
  ("Page" .
		  [1 0 0 0])
  ("styles" .
			[1 0 0 0 0 0])
  ("break" .
		   [2 0 0 0 0])
  ("page" .
		  [7 0 0 0])
  ("dir" .
		 [1 0 0])
  ("connected" .
			   [2 0 0 0 0 0 0 0 0])
  ("to" .
		[4 0])
  ("rows" .
		  [3 0 0 0])
  ("err" .
		 [5 0 0])
  ("env" .
		 [2 0 0])
  ("process" .
			 [3 0 0 0 0 0 0])
  ("mariasql" .
			  [0 0 0 0 0 0 1 0])
  ("hash" .
		  [1 0 0 0])
  ("log" .
		 [9 0 0])
  ("console" .
			 [13 0 0 0 0 0 0])
  ("utils" .
		   [2 0 0 0 0])
  ("function" .
			  [4 0 0 0 0 0 0 0])
  ("require" .
			 [2 0 0 0 0 0 0])
  ("crypto" .
			[3 0 0 0 0 0])
  ("Footer" .
			[5 0 0 1 0 0])
  ("footer" .
			[1 0 0 0 0 0])
  ("className" .
			   [2 0 0 0 0 0 0 0 0])
  ("div" .
		 [5 0 0])
  ("props" .
		   [1 0 0 0 0])
  ("const" .
		   [6 0 0 0 0])
  ("use" .
		 [1 0 0])
  ("g" .
	   [1])
  ("n" .
	   [1])
  ("api" .
		 [1 0 0])
  ("Say" .
		 [1 0 0])
  ("new" .
		 [0 3 0])
  ("my" .
		[1 0])
  ("JSON" .
		  [2 0 0 0])
  ("filter" .
			[5 0 0 0 0 0])
  ("isRequired" .
				[0 0 0 0 1 1 0 0 0 0])
  ("func" .
		  [1 0 0 0])
  ("PropTypes" .
			   [0 0 0 0 3 0 0 0 0])
  ("onClick" .
			 [3 0 0 1 0 0 0])
  ("DBI" .
		 [1 1 0])
  ("Data" .
		  [2 0 0 0])
  ("bot" .
		 [1 0 0])
  ("Constants" .
			   [1 0 0 0 0 1 0 0 0])
  ("PostFilter" .
				[1 0 0 0 0 0 0 1 0 0])
  ("let" .
		 [5 0 0])
  ("export" .
			[3 0 0 0 0 0])
  ("default" .
			 [1 0 0 0 3 0 0])
  ("MenuItem" .
			  [0 0 0 0 0 0 0 1])
  ("Post" .
		  [2 0 0 0])
  ("state" .
		   [6 0 0 0 0])
  ("import" .
			[5 0 0 0 0 0])
  ("React" .
		   [2 0 0 0 0])
  ("from" .
		  [4 0 0 0])
  ("react" .
		   [2 0 0 0 0])
  ("alt" .
		 [1 0 0])
  ("return" .
			[8 0 0 0 0 0])
  ("case" .
		  [1 0 0 0])
  ("FETCH_POSTS" .
				 [0 0 0 1 0 0 0 0 0 0 0])
  ("TODO" .
		  [3 0 0 0])
  ("express" .
			 [3 0 0 0 0 0 1])
  ("app" .
		 [6 0 0])
  ("res" .
		 [5 0 0])
  ("req" .
		 [2 0 0])
  ("send" .
		  [1 0 0 0])
  ("set" .
		 [1 0 0])
  ("json" .
		  [5 0 0 0])
  ("asIs" .
		  [1 0 1 0])
  ("while" .
		   [1 0 0 0 0])
  ("posts" .
		   [7 0 0 0 0])
  ("post" .
		  [2 0 0 0])
  ("tags" .
		  [2 0 0 0])
  ("each" .
		  [1 0 0 0])
  ("the" .
		 [4 0 0])
  ("data" .
		  [10 0 0 0])
  ("Object" .
			[5 0 0 0 0 0])
  ("assign" .
			[5 0 0 0 0 0])
  ("isFetching" .
				[0 0 0 3 0 0 0 0 0 1])
  ("false" .
		   [2 0 0 0 0])
  ("true" .
		  [1 0 0 0])
  ("shape" .
		   [1 0 0 0 0])
  ("$side" .
		   [1 0 0 0 0])
  ("have" .
		  [2 0 0 0])
  ("sql" .
		 [1 0 0])
  ("migration" .
			   [2 0 0 0 0 0 0 0 0])
  ("create" .
			[1 0 0 0 0 0])
  ("database" .
			  [1 0 0 0 0 0 0 0])
  ("migrate" .
			 [2 0 0 0 0 0 0])
  ("version" .
			 [1 0 0 0 0 0 0])
  ("p" .
	   [1])
  ("likePost" .
			  [1 0 0 0 0 0 0 0])
  ("parseInt" .
			  [1 0 0 0 0 0 0 0])
  ("radix" .
		   [1 0 0 0 0])
  ("target" .
			[1 0 0 0 0 0])
  ("value" .
		   [1 0 0 0 0])
  ("action" .
			[1 0 0 0 0 0])
  ("public" .
			[2 0 0 0 0 0])
  ("private" .
			 [1 0 0 0 0 0 0])
  ("$level" .
			[1 0 0 0 0 0])
  ("$this-" .
			[5 0 0 0 0 0])
  ("_log" .
		  [3 0 0 0])
  ("DEBUG" .
		   [1 0 0 0 0])
  ("level" .
		   [1 0 0 0 0])
  ("ERROR" .
		   [2 0 0 0 0])
  ("home" .
		  [1 0 0 0])
  ("about" .
		   [1 0 0 0 0])
  ("all-posts" .
			   [1 0 0 0 0 0 0 0 0])
  ("Route" .
		   [2 0 0 0 0])
  ("path" .
		  [1 0 0 0])
  ("menu" .
		  [1 0 0 0])
  ("component" .
			   [1 0 0 0 0 0 0 0 0])
  ("param" .
		   [1 0 0 0 0])
  ("containers" .
				[1 0 0 0 0 0 0 0 0 0])
  ("dispatch" .
			  [4 0 0 0 0 0 0 0])
  ("connect" .
			 [2 0 0 0 0 0 0])
  ("react-redux" .
				 [0 0 0 0 0 0 0 0 1 0 0])
  ("changeMenu" .
				[2 0 0 0 0 0 0 1 0 0])
  ("HOME" .
		  [1 0 0 0])
  ("ABOUT" .
		   [1 0 0 0 0])
  ("with" .
		  [2 0 0 0])
  ("SQL" .
		 [1 0 0])
  ("for" .
		 [1 0 0])
  ("now" .
		 [1 0 0])
  ("syncronous" .
				[0 0 0 0 1 0 0 0 0 0])
  ("get" .
		 [1 0 0])
  ("The" .
		 [1 0 0])
  ("is" .
		[1 0])
  ("in" .
		[1 0])
  ("images" .
			[1 0 0 0 0 0])
  ("one" .
		 [2 0 0])
  ("query" .
		   [1 0 0 0 0])
  ("and" .
		 [1 0 0])
  ("it" .
		[1 0])
  ("all" .
		 [1 0 0])))
